1000870
1003602
1010770
1013502
1020670
1023402
1030570
1031941
1033302
1040470
1041841
1043202
1050370
1051741
1053102
1060270
1061641
1063002
1070170
1071541
1080070
1081441
1091341
1092940
1100860
1110760
1120660
1130560
1131931
1140460
1141831
1150360
1151731
1160260
1161631
1170160
1171531
1180060
1181431
1191331
1192930
1200850
1210750
1220650
1230550
1231921
1240450
1241821
1250350
1251721
1260250
1261621
1270150
1271521
1280050
1281421
1291321
1292920
1300840
1310740
1320640
1330540
1331911
1340440
1341811
1350340
1351711
1360240
1361611
1370140
1371511
1380040
1381411
1391311
1392910
1400830
1410730
1420630
1430530
1431901
1440430
1441801
1450330
1451701
1460230
1461601
1470130
1471501
1480030
1481401
1491301
1492900
1500820
1510720
1520620
1530520
1540420
1550320
1560220
1570120
1580020
1600810
1610710
1620610
1630510
1640410
1650310
1660210
1670110
1680010
1700800
1710700
1720600
1730500
1740400
1750300
1760200
1770100
1780000
1836997
1846897
1856797
1866697
1876597
1881997
1886497
1891897
1896397
1936987
1946887
1956787
1966687
1976587
1981987
1986487
1991887
1996387