150296
151196
152096
160286
161186
162086
170276
171176
172076
180266
181166
182066
190256
191156
192056
197996
198896
199796
250295
251195
252095
260285
261185
262085
270275
271175
272075
280265
281165
282065
290255
291155
292055
297995
298895
299795
350294
351194
352094
360284
361184
362084
370274
371174
372074
380264
381164
382064
390254
391154
392054
397994
398894
399794
450293
451193
452093
460283
461183
462083
470273
471173
472073
480263
481163
482063
490253
491153
492053
497993
498893
499793
550292
551192
552092
560282
561182
562082
570272
571172
572072
580262
581162
582062
590252
591152
592052
597992
598892
599792
650291
651191
652091
660281
661181
662081
670271
671171
672071
680261
681161
682061
690251
691151
692051
697991
698891
699791
750290
751190
752090
760280
761180
762080
770270
771170
772070
780260
781160
782060
790250
791150
792050
797990
798890
799790